1332241711.83
1332241727.1
1332241733.62
1332241748.92
1332241755.46
1332241766.37
1332241768.53
1332241772.87
1332241798.99
1332241801.18
1332241812.08
1332241816.44
1332241840.49
1332241860.17
1332241866.7
1332241919.14
1332241925.69
1332241936.62
1332241954.05
1332241956.28
1332241975.94
1332241999.87
1332242002.05
1332242004.22
1332242034.78
1332242039.12
1332242056.53
1332242060.89
1332242069.61
1332242080.5
1332242084.92
1332242095.84
1332242104.57
1332242111.09
1332242113.26
1332242124.2
1332242130.75
1332242148.13
1332242152.51
1332242156.9
1332242163.44
1332242189.66
1332242191.84
1332242198.41
1332242204.97
1332242207.15
1332242209.33
1332242233.28
1332242235.44
1332242248.61
1332242252.98
1332242261.72
1332242263.89
1332242268.26
1332242276.99
1332242292.29
1332242329.47
1332242340.41
